0
0
0
5.655288696
16.79611206
28.84864807
41.99028015
56.27441406
71.87461853
88.82904053
107.0785522
126.4533997
146.5816498
167.257309
188.0340576
208.782196
229.4635773
250.082016
270.7061768
291.4295197
312.3588562
333.3740234
354.4979095
375.8010864
397.2244263
418.7850952
440.4087067
462.0742798
483.9057922
505.7792664
527.7099609
549.654007
571.6934204
593.7900543
616.0373688
638.420105
660.8867645
683.4869385
706.2778473
729.2098999
752.3212433
775.6443024
799.1256714
822.675705
846.4622498
870.3250885
894.2165375
918.2929993
942.5067902
966.8750763
991.2776947
1015.832901
1040.582657
1065.523148
1090.848923
1116.241455
1141.841888
1167.575836
1193.433762
1219.35463
1245.382309
1271.478653
1297.718048
1323.987961
1350.542068
1377.264023
1404.146194
1431.209564
1458.457947
1485.864639
1513.456345
1541.133881
1569.065094
1596.939087
1624.952316
1653.142929
1681.444168
1709.896088
1738.601685
1767.559052
1796.697617
1825.98114
1855.503082
1885.168076
1915.01236
1944.972992
1974.992752
2005.140305
2035.37178
2065.635681
2095.870972
2126.186371
2156.642914
2187.19101
2217.80777
2248.445511
2279.13475
2309.806824
2340.53421
2371.383667
2402.231216
2433.115005
2464.014053
2494.953156
2526.117325
2557.235718
2588.466644
2619.77005
2651.090622
2682.510376
2713.951111
2745.317459
2776.655197
2808.130264
2839.752197
2871.200562
2902.62413
2934.106827
2965.621948
2997.079849
3028.663635
3060.249329
3091.899872
3123.630524
3155.376434
3187.036514
3218.734741
3250.419617
3282.16362
3313.827515
3345.510483
3377.204895
3409.015656
3440.723419
3472.49794
3504.421234
3536.29303
3568.136215
3600.130081
3632.019043
3664.106369
3696.155548
3728.273392
3760.360718
3792.381287
3824.440002
3856.710434
3888.971329
3921.18454
3953.546524
3985.97908
4018.484116
4051.052094
4083.713531
4116.437912
4149.175644
4181.978226
4214.857101
4247.70546
4280.601501
4313.627243
4346.790314
4379.915237
4413.183212
4446.468353
4479.780197
4513.084412
4546.499252
4579.963684
4613.477707
4647.1138
4680.820465
4714.683533
4748.519897
4782.434464
4816.383362
4850.473404
4884.654999
4918.790817
4952.953339
4987.049103
5021.39473
5055.75943
5090.208054
5124.71962
5159.301758
5193.967819
5228.694916
5263.48877
5298.315048
5333.217621
5368.219376
5403.226852
5438.341141
5473.514557
5508.63266
5543.870926
5579.147339
5614.549637
5649.91951
5685.462952
5720.994949
5756.626129
5792.341232
5828.058243
5863.929749
5899.892807
5935.827255
5971.738815
6007.801056
6043.869019
6079.956055
6116.106033
6152.347565
6188.856125
6225.322723
6261.976242
6298.683167
6335.384369
6372.177124
6408.93364
6445.770264
6482.51152
6519.37294
6556.282043
6593.151093
6630.115509
6667.037964
6704.01001
6741.052628
6778.245926
6815.410614
6852.758408
6890.192032
6927.614212
6965.248108
7002.880096
7040.618896
7078.369141
7116.256714
7154.193878
7192.09671
7229.949951
7267.951965
7305.812836
7343.832016
7381.713867
7419.658661
7457.748413
7495.826721
7533.96225
7572.309494
7610.509872
7648.878098
7687.358856
7725.790024
7764.27269
7802.724838
7841.358185
7879.961014
7918.712616
7957.46994
7996.231079
8035.181046
8074.157715
8113.183975
8152.204514
8191.345215
8230.438232
8269.496918
8308.473587
8347.482681
8386.631012
8425.481796
8464.479446
8503.534317
8542.743683
8582.017899
8621.164322
8660.564423
8699.911118
8739.292145
8778.6026
8817.977905
8857.341766
8896.852493
8936.330795
8976.11618
9015.775681
9055.60112
9095.281601
9135.095596
9174.92485
9214.664459
9254.388809
9294.136047
9333.932877
9373.77739
9413.740158
9453.88031
9494.05098
9534.139633
9574.419022
9614.606857
9654.89006
9695.302963
9735.401154
9775.524139
9815.576553
9855.470657
9895.63179
9935.783386
9975.866318
10016.15143
10056.4518
10096.83228
10137.12883
10177.36435
10217.68379
10258.02994
10298.36464
10338.57346
10378.9444
10419.29626
10459.67484
10500.16975
10540.58075
10581.06613
10621.52672
10662.08267
10702.60811
10743.15643
10783.68759
10824.37706
10864.99405
10905.60913
10946.29478
10986.8679
11027.70805
11068.40897
11109.13849
11149.98817
11190.96565
11231.75049
11272.6059
11313.50899
11354.52938
11395.5965
11436.59878
11477.4456
11518.38207
11559.26228
11600.20638
11640.99026
11681.83136
11722.78404
11763.7682
11804.66747
11845.70313
11886.73401
11927.59609
11968.53161
12009.29165
12050.36259
12091.16745
12132.10106
12173.03467
12213.95111
12254.81701
12295.57514
12336.27987
12377.1162
12417.80949
12458.57716
12499.31812
12540.01904
12580.76096
12621.58108
12662.50801
12703.49789
12744.49253
12785.54153
12826.56956
12867.42592
12908.17833
12949.07284
12989.95304
13030.81989
13071.63048
13112.51259
13153.23925
13194.00024
13234.72977
13275.37918
13316.08868
13356.6618
13397.39037
13438.0722
13478.73116
13519.47117
13560.256
13600.95501
13641.58344
13682.21092
13722.95094
13763.52406
13804.23069
13844.80762
13885.47516
13926.09215
13966.70341
14007.25269
14047.7829
14088.31978
14128.81374
14169.30866
14209.82742
14250.35858
14290.8783
14331.49624
14371.98257
14412.44221
14452.71969
14493.12973
14533.29182
14573.49968
14613.61027
14653.84579
14694.05746
14734.23767
14774.31107
14814.46743
14854.62379
14894.74106
14934.79919
14974.79725
15014.72378
15054.59309
15094.40899
15134.35364
15174.18003
15214.02836
15253.90911
15293.59627
15333.10795
15372.55287
15411.90052
15451.24531
15490.57674
15530.03025
15569.50283
15608.98685
15648.49186
15687.85763
15727.28157
15766.68739
15806.0112
15845.16335
15884.29928
15923.43044
15962.36515
16001.24454
16040.1144
16079.11587
16118.02006
16156.93378
16195.77122
16234.48181
16273.18382
16311.79047
16350.36373
16388.88359
16427.42062
16465.96813
16504.45557
16542.89913
16581.35033
16619.81964
16658.07438
16696.21372
16734.26914
16772.4638
16810.44769
16848.28091
16886.28101
16924.12472
16962.00943
16999.84264
17037.62913
17075.44231
17113.16013
17150.86365
17188.46512
17225.85964
17263.25321
17300.53997
17337.75616
17375.02766
17412.18853
17449.30935
17486.54652
17523.59867
17560.63843
17597.47028
17634.16958
17670.92228
17707.66926
17744.28654
17780.88951
17817.30747
17853.66154
17889.90784
17925.98629
17962.00085
17997.97153
18033.82301
18069.69929
18105.49545
18141.2859
18177.01435
18212.69321
18248.4293
18284.0271
18319.52
18354.97475
18390.4829
18425.96817
18461.29036
18496.53339
18531.67534
18566.80489
18601.62926
18636.42788
18671.07391
18705.71423
18740.27538
18774.6048
18808.85601
18843.04333
18877.1162
18911.18431
18945.21236
18979.24232
19013.29803
19047.24884
19081.10428
19114.87007
19148.45753
19182.04975
19215.47318
19248.97289
19282.43256
19315.88364
19349.26128
19382.48444
19415.64751
19448.73142
19481.66752
19514.49203
19547.22309
19579.88071
19612.31613
19644.89174
19677.24133
19709.46789
19741.80508
19773.92101
19806.09989
19838.03463
19869.85016
19901.4864
19933.09402
19964.65302
19996.17672
20027.58503
20058.88462
20090.13176
20121.27399
20152.22645
20183.09116
20213.96828
20244.73095
20275.50697
20306.22578
20336.75957
20367.34104
20397.68887
20427.82307
20457.97539
20487.95605
20517.79652
20547.56737
20577.32964
20606.95171
20636.68442
20666.32652
20695.80364
20725.09384
20754.32873
20783.45776
20812.44564
20841.36581
20870.12672
20898.82183
20927.35004
20955.83725
20984.23624
21012.60376
21040.83443
21068.89725
21096.92621
21124.7673
21152.65942
21180.38368
21208.03165
21235.61001
21263.05485
21290.37857
21317.61742
21344.65504
21371.69409
21398.59104
21425.35496
21452.09599
21478.79934
21505.35393
21531.94475
21558.39634
21584.75304
21610.94809
21637.02202
21662.93478
21688.7784
21714.56814
21740.31544
21765.94257
21791.4629
21816.85066
21842.22031
21867.47646
21892.694
21917.73224
21942.73853
21967.60845
21992.33675
22016.91055
22041.36848
22065.80067
22090.11936
22114.20155
22138.22365
22162.10175
22185.91881
22209.6405
22233.33168
22256.96182
22280.50709
22304.08716
22327.49271
22350.80433
22373.981
22397.08424
22420.10307
22443.04276
22465.79075
22488.41763
22511.03783
22533.50544
22555.91011
22578.21321
22600.39377
22622.51568
22644.54937
22666.56113
22688.32874
22710.04105
22731.57883
22753.02219
22774.45507
22795.67719
22816.81824
22837.92114
22858.92963
22879.89426
22900.72155
22921.4859
22942.23309
22962.94165
22983.59346
23004.15564
23024.59145
23044.92903
23065.24944
23085.36053
23105.43203
23125.39101
23145.21408
23165.00998
23184.71336
23204.39816
23223.99521
23243.38198
23262.71677
23281.92949
23300.96531
23319.91053
23338.7835
23357.56445
23376.22023
23394.75155
23413.21182
23431.47707
23449.66507
23467.74888
23485.78954
23503.70598
23521.51537
23539.25705
23556.90956
23574.46909
23591.91227
23609.21264
23626.4565
23643.57972
23660.60209
23677.56915
23694.48233
23711.29775
23728.02663
23744.6456
23761.23118
23777.75335
23794.15369
23810.51159
23826.76935
23842.87333
23858.85382
23874.72534
23890.50674
23906.14605
23921.6466
23937.11638
23952.51083
23967.86642
23983.13999
23998.29054
24013.39531
24028.34749
24043.17236
24057.94287
24072.58105
24087.14581
24101.54176
24115.83066
24130.06377
24144.23251
24158.28586
24172.1952
24185.99033
24199.75305
24213.40513
24226.97616
24240.46183
24253.86381
24267.1144
24280.28488
24293.34164
24306.24318
24318.97378
24331.58278
24344.12432
24356.53663
24368.90912
24381.21605
24393.51177
24405.76625
24417.93036
24430.00126
24441.92648
24453.81927
24465.53016
24477.06127
24488.41619
24499.66621
24510.90932
24522.07828
24532.99522
24543.33615
24552.76394
24561.41448
24568.66574
24573.68898
24576.04098
24577.07262
24577.77333
