608.0936497
5780.503698
546.3833771
40498.14357
120672.8066
152204.6221
165466.803
180874.4551
197030.7236
214268.3949
231832.7965
247308.9104
259478.2711
267690.5803
271938.1524
272305.7993
271621.7172
270703.1659
269887.723
270589.4819
272988.6689
274670.8084
276155.6586
278312.0604
280617.712
282387.2661
283662.6649
284233.7662
286257.6637
287954.5302
288146.0714
288553.6977
289298.0217
289611.3917
291081.4367
293029.5217
294295.4077
295590.8997
298234.6448
300031.9364
302200.9099
305302.3392
307825.5713
309083.7244
311152.7597
313158.9562
313399.2084
314995.2519
317612.2178
319200.7496
320874.278
321028.8623
323682.0132
325991.9411
331030.0401
333936.1496
335361.1986
337866.1802
339759.7963
340600.9937
341355.0056
342383.9051
343515.2677
344188.8207
346484.3861
350150.1594
352470.6966
354498.4084
356959.5566
359207.2034
361647.5015
363178.676
365911.2887
366771.7285
366643.8295
368375.668
370197.4692
371743.1027
375306.4162
378956.6656
382149.0685
384113.6133
387232.1842
390611.2481
392223.5171
393992.9754
394898.3251
395735.3076
396861.5226
397369.3972
396091.5485
396050.286
398430.5353
400288.0722
401477.4452
402591.8905
402478.7631
402746.7225
403665.1979
405366.789
406124.0659
406326.0633
406307.6046
406621.9568
408317.3654
408982.1065
409562.6254
411553.2267
411734.2909
412185.3299
413197.954
412165.2162
411408.0478
412995.985
415791.1441
414224.9885
412596.4508
412829.4928
412908.7563
412881.7285
413861.4193
415079.2979
415728.9264
417144.7588
417691.0319
416326.6762
415983.0879
416421.4759
417023.002
416568.744
415437.8431
415266.9189
416261.1843
416840.7076
417126.7471
418491.7064
419049.4738
418139.1916
419557.4562
419311.9562
420605.9858
421543.5307
421733.345
421457.1491
420212.203
419441.0026
422232.5337
423933.5165
422390.9035
422747.465
425000.5097
426305.8383
427296.7649
428723.9659
429886.4352
430166.3997
430467.7489
431870.7247
431529.4731
431591.4322
433309.4473
435142.5277
435460.283
436264.6083
433697.5754
434619.0709
436631.3923
435467.3604
438764.1697
439880.4575
440930.5752
442159.5471
443910.9969
445476.2352
445310.8852
446168.2309
447831.5098
449627.027
449755.2364
448589.1838
445288.0153
449214.3163
451862.294
452654.2028
453278.6588
454073.7461
455400.788
455759.6913
456629.3559
457672.2054
457417.6564
458580.0207
459863.2192
461167.8217
462418.9981
461668.2761
462312.2761
463737.227
464473.4078
464729.0098
465567.7385
466512.1358
466899.2653
468943.5796
468932.2078
470068.9267
472737.2951
471994.9339
471673.3602
472338.0007
472653.0152
473044.417
473164.1665
474880.8377
478000.6596
479450.8763
481042.5169
482861.5513
482840.5884
483920.1173
483118.9674
483673.9188
483556.671
483771.4024
485720.2903
484542.6378
484779.6564
485198.5066
484500.6512
485397.9388
487275.467
487723.8077
489099.7295
491252.1893
491734.1493
493445.9229
494769.3339
494778.7054
496644.5851
497045.7954
498802.5533
498585.3474
497888.7927
498620.3099
497921.3025
498645.7304
498040.4043
497562.9777
499075.0147
500284.3894
500311.9378
502977.4482
502342.759
502794.4178
504866.5051
504984.9872
504631.5605
504657.35
505905.6176
506735.0533
508272.2056
509411.1162
508881.8551
510050.1011
512024.4954
512179.8118
513106.7947
514817.566
515095.8206
514339.3701
512725.6138
511853.7531
513375.6337
511220.5842
509605.4961
511314.394
513604.0267
514686.6263
514068.6163
515735.8899
518019.5622
517510.0805
516940.2339
517174.7537
516733.695
518112.6142
519137.5894
521788.7058
522026.1505
522776.5163
521751.6376
522707.4841
523579.6369
522867.8706
521535.648
520971.0529
522604.0184
523214.2388
524821.07
526873.0831
529097.873
527977.7417
528940.7683
529612.6056
529636.2249
531979.2597
530036.5554
526618.9781
525705.1867
523254.6805
525152.2052
526829.5918
525797.7859
527723.2578
529303.5138
529856.7739
530375.7197
528195.444
528876.0781
529946.84
529798.5072
527671.0462
528523.0938
529704.3153
529796.4443
531206.9972
531389.4408
531681.5509
531850.848
532227.9208
533425.9132
533021.8234
532714.4367
533423.4872
534764.4602
533204.0194
534116.7352
533622.4067
535011.7861
535820.814
534443.7745
535561.225
537999.5046
537203.7022
536832.8335
537254.8641
538716.3035
540789.7608
540731.3691
537845.5797
537162.6659
537370.9509
537357.052
535747.4931
534377.1843
537567.6258
539096.2852
537622.3482
538867.4908
539714.1369
537757.3333
537087.2832
535940.4733
537871.3171
538253.1925
536899.4577
537913.3474
537918.7228
536576.0446
535174.7571
533088.6511
534072.7463
534061.0625
533144.4928
534205.1795
533263.609
533712.6714
535426.2026
536528.919
538152.9674
539366.9508
539642.9151
539773.5844
537842.9267
535189.9961
536090.8661
537254.7634
536056.7579
536827.6496
536160.9545
534933.6042
534678.1106
534297.2668
533824.5116
533748.8639
532628.4762
532825.5531
534466.9271
534118.8302
534377.2295
536227.766
535453.2025
533324.6074
532434.3649
534750.7132
532963.0957
533157.9438
532866.4517
532787.904
534602.95
532682.4618
532444.8756
531971.6707
532378.0803
531182.0635
531336.3879
531989.9744
532621.7629
532068.7198
534635.7742
534347.1901
532125.4527
529666.1381
530817.7693
528175.861
526201.3881
526809.5945
527571.576
528302.5051
527510.6084
526480.3773
526563.7678
527818.4663
528050.2438
526341.6599
525283.9105
524816.4924
524008.4479
522795.3676
524038.2576
525236.2325
523469.2954
524333.1397
522809.8654
518862.7657
517343.9004
515470.566
514863.386
514488.8365
516436.523
517977.1578
519093.9814
518761.768
518214.627
518191.5424
518119.4487
517593.3944
515816.6065
514332.1774
514026.1957
511754.9816
509682.4619
509517.5172
511083.328
511817.1253
510913.667
511043.8839
509356.8626
507639.0775
507308.3679
506020.291
505087.2077
505692.6327
505864.2182
505829.1609
504972.1465
505578.1728
505320.2899
503852.7173
500743.2638
499037.4969
500178.1203
499817.8928
496445.8482
496927.8046
496487.9478
496393.8193
497159.0398
496284.7546
495826.3637
496198.7706
495453.4209
494398.8179
491445.0892
490119.35
489375.7879
488747.7016
488571.8617
488099.7121
488407.0274
489330.5404
489020.0935
487186.4307
484569.2478
481777.7245
481962.9434
483018.7733
481856.8493
481074.0746
478588.1515
477471.7684
476353.0644
474074.4752
472598.9072
472265.3537
471220.1747
470939.9607
470294.0091
469875.1126
469425.3534
468240.0626
468694.8681
468312.8048
466164.0426
465319.157
466291.5429
467044.0183
465747.7736
464174.6155
463251.4725
462181.9636
459465.1842
457541.9006
455120.7014
454781.8083
454209.813
451593.5364
448485.9352
447863.1911
446236.6632
446302.7756
446794.8229
447081.0979
447108.7092
446592.4969
445103.7633
443126.4375
441028.3385
439845.5137
438501.085
439102.7486
439843.6843
440142.4798
439673.9895
437468.3582
436642.9678
435541.2284
434212.6847
432641.5773
430127.5493
429033.3151
426644.7935
426713.1021
426533.5478
423325.964
424062.1543
423063.2431
422804.4155
420930.1616
417409.6784
415199.2494
414335.4707
414329.4267
413949.7251
413041.9051
411462.5256
410394.6381
409976.1701
406694.7436
404175.8194
404365.9053
404492.9423
403599.7024
403631.9214
402033.2111
401272.1449
399843.8281
396454.0226
395274.9499
394790.5075
392431.5393
390823.1922
390790.3548
390071.1934
390158.6191
391087.9605
388458.8215
385196.7197
383487.3537
382773.1072
381237.6488
379562.9792
377946.3116
376392.1261
375359.5213
374009.8988
373692.1143
372628.6852
371788.7482
369086.6387
368180.8816
366301.1396
365881.5269
365082.8838
363360.282
362523.8868
361477.6381
358783.4033
357732.6295
355261.29
354533.0398
353645.6954
352066.9241
351268.7281
350676.6099
349265.8147
349247.8912
348251.4376
346190.8041
344762.771
342980.9545
340399.9982
339079.3268
338432.2806
338839.9434
337098.4531
335706.7703
333916.6251
333033.4431
332555.5555
331043.008
328861.361
327997.133
327289.6391
325831.6399
323543.9162
321631.3795
321136.8853
320469.2155
317623.2572
315786.7432
314130.6879
312834.6077
311596.4725
311588.5029
310861.2748
309691.338
309924.22
308345.8426
306087.8424
304934.0982
303541.8552
302415.8508
301773.2618
299573.2197
296840.804
296957.2179
295885.7213
294310.1351
293300.474
292001.2164
290246.764
289927.6622
289536.2949
287280.4008
285787.5231
283786.21
281846.1192
281469.6946
279627.5453
277874.385
276871.0302
275725.3861
275115.2799
273812.4853
272546.7952
272251.269
272326.9481
271693.7398
270766.6903
269273.4237
267934.122
267190.6959
265345.5568
263727.1355
262565.9357
260952.4126
260035.3443
259329.9457
258882.8657
258383.5541
255917.6413
254014.8877
252983.6883
250362.3558
248794.2505
248234.9291
247283.0154
245649.6302
244152.3597
242790.5972
240637.4972
238756.6616
238015.307
237183.2932
236158.1065
234559.1439
233257.2537
232424.5771
230994.1619
229890.3423
227832.679
226801.6573
225561.9822
223953.3604
222938.7085
222869.2964
221988.8157
220919.9481
219108.8698
218350.4488
217604.5259
216253.5609
215238.0508
214335.424
212353.8593
210513.381
209052.6975
207979.899
206358.3464
204217.4613
203405.381
202476.8176
201872.7425
201528.2108
199824.9951
198682.1761
197230.2863
195388.4089
194387.6624
192948.016
191828.1608
189943.2056
187927.2185
187064.6126
186715.3393
185251.9848
183641.385
181617.9812
180963.4166
180273.8375
178946.7118
177622.0007
176496.7326
174811.8631
173679.8445
172249.544
170632.8917
168545.7273
166282.879
165250.8643
163943.5109
162954.4812
161815.1844
161534.5445
161290.805
160433.4115
159414.6166
157577.8205
156302.5558
154956.4471
152104.0659
149728.5771
148030.7774
147429.3637
146936.6852
144655.0382
139026.666
128879.7707
117477.171
102848.0107
78089.216
45239.77897
19314.11358
9492.150349
