19796.91953
98253.48487
148437.665
160568.2786
175655.5155
192438.0357
208292.0075
224994.1788
241507.4533
254267.6465
262486.8677
267935.4347
271295.1548
271100.6571
268909.4264
269384.0092
270748.558
272450.8546
274367.7073
276723.0541
277249.1256
279185.5914
281357.5283
282985.9414
284618.053
284980.1768
284944.2909
284671.466
284335.5246
285658.404
288120.9498
289464.7554
291182.887
294220.8944
295509.7754
296723.5788
298362.5677
299932.4885
302080.725
303454.4439
304990.13
306711.4134
307731.3988
310002.7716
311813.6501
314279.0939
316418.7229
317963.69
321458.618
323452.5865
325981.6081
328833.6222
331396.6053
332089.5667
333855.5705
335877.4686
336611.0886
337763.9141
340067.7153
342486.4492
343603.5102
345795.0311
348509.2104
349326.5949
349534.6642
352616.414
355219.0707
356283.3689
357797.0737
360728.6715
363654.6096
364525.1984
366480.4945
369140.8292
370891.3982
372236.5073
375163.7439
378496.2181
381691.1201
383055.6102
384397.3732
386328.8196
389285.856
390393.288
392325.9594
392616.281
393598.6105
395084.2151
394595.7225
395515.6273
398076.9857
399022.6861
400156.4148
401433.7216
401277.7505
402153.5068
402322.6819
403154.6744
403699.8845
403286.7323
402942.6961
405015.2331
406221.6613
408021.5763
408924.4492
409682.9314
411238.1725
412038.8491
411777.9709
410581.999
410105.271
409495.2311
408633.011
409246.4072
410333.0834
411794.9609
412626.9557
413028.4927
412659.7625
413369.3952
411187.0384
410965.2317
409856.1324
410221.3173
412437.704
414543.8711
414346.9361
414621.7893
415118.2908
416077.3591
417406.9844
417662.1319
419120.0714
418091.5198
418807.4037
416894.0427
416054.4631
419645.2013
418339.0571
420342.6557
419845.4696
417965.1434
419672.2158
420013.5567
420376.5918
421690.1337
424230.7476
425609.0337
426627.0616
427641.4603
427786.0167
428629.8235
426953.5631
427220.7697
428265.0308
428081.8233
428967.7163
429719.9389
430144.4585
431668.3086
434130.4284
435472.267
436083.2472
436686.8659
437540.5588
437851.5459
437378.2246
438212.5057
436765.7681
437954.4764
439939.1093
441254.8362
441815.5253
441636.2131
443529.0182
444765.8922
443351.766
444621.9998
447951.3102
447773.1275
447105.8423
448086.0018
449473.1569
452068.4519
454576.1705
456375.419
456686.5332
458345.7145
459103.0762
459665.9653
459184.5599
456505.5164
456065.7869
457524.9079
457827.5202
458254.555
460317.4587
462152.0692
461960.6995
464030.6005
464635.0146
466043.8298
467934.4995
468444.6231
469640.3523
470594.2098
472799.5143
472274.3727
471091.8521
471541.5782
473490.1483
473584.2322
473660.7293
474603.936
476614.8284
478145.4664
477886.8903
478745.6648
480529.763
480304.259
479398.5182
480477.7365
480633.7512
480969.7822
482033.9462
482228.3281
482258.2296
485645.2332
488498.2995
488579.2241
487905.1776
489288.6497
490359.103
490852.46
491296.0567
491281.1058
492619.8511
493382.403
494864.5661
493840.5847
493431.5487
493781.8931
493336.678
493907.4554
494187.287
496082.9645
496300.8088
498355.9728
500729.3943
501685.2386
503100.2187
503178.65
503093.5365
502904.6033
502785.1895
502401.7245
503029.1499
500740.4234
500603.3897
502839.778
505399.6052
508093.2115
506554.1847
509458.4725
510329.1047
508917.536
509250.8025
510190.661
510777.4899
510739.1371
510065.0268
510357.2022
511621.6786
511574.4495
511748.2795
513341.3828
514574.8923
514434.9362
515446.7473
514947.0218
514148.5472
515114.071
514168.4406
514417.2054
515899.4545
512710.3346
513645.0591
514441.6009
515688.1955
518531.4316
520173.9979
521274.6195
522153.2606
523877.7278
524813.8907
524035.3082
522381.1185
522979.6624
524190.2597
524080.7474
525162.8114
523478.138
521349.0021
521613.2366
522766.889
524347.1705
524992.6625
524564.346
523221.1786
525211.0944
526421.2464
529519.3557
529313.2807
529300.5889
528902.3687
529752.8964
528490.2835
530562.4705
530615.857
527898.5281
529177.4149
532086.7059
531699.4134
529938.8674
531714.7678
530732.8415
528773.5329
528099.8813
527866.4617
528278.6524
528998.7015
528690.342
528219.71
530653.8588
532201.1069
533100.6921
535404.9353
534894.5012
534230.0871
534124.4869
534356.8788
534138.7465
531564.6521
533047.6433
534370.5211
535905.5634
536370.8323
533291.137
535551.9716
538752.7052
536851.428
538206.6711
536728.6818
537235
536751.2294
534375.634
533471.1131
532268.2001
532245.0741
532797.2084
531286.1306
532291.9389
535305.0017
535754.6477
535946.3819
537027.1458
537730.046
537873.3125
537967.8753
536128.4386
536096.2082
536521.1417
535065.9837
534360.3002
534379.8656
534843.4509
536477.8114
535515.2577
535078.6599
534797.7423
535442.4499
534903.6368
535195.2592
535765.6272
535749.2836
534976.8855
535403.1648
534936.1034
534348.6278
535709.2878
534439.3332
532275.7125
531868.4849
531291.1236
529200.4768
529137.2156
530479.3781
529883.2957
530073.4723
532756.938
533338.6505
532753.2066
535175.6705
536288.6281
535392.043
535069.3481
534012.2011
532454.8568
531058.3435
530131.3191
530728.1165
529241.278
527530.0689
527917.0722
527748.2123
527610.4256
527658.7597
526648.4152
529097.57
530214.6397
529210.9749
527720.3445
526469.2896
525991.5304
526591.889
526503.9432
525070.4902
525456.9974
527066.1306
527843.6114
524439.0671
524407.9203
525656.8435
525855.6482
525931.7897
524788.5716
522396.2786
523073.4907
523774.8698
522498.1475
521497.0052
520329.4817
520499.5991
520443.1055
518126.6742
518147.2994
519616.5641
517505.5565
515505.7292
516426.3839
515505.4005
513636.8686
514030.3019
514716.0401
513882.1381
513640.1457
515877.7639
516971.4604
516875.3614
516563.034
514806.7741
513481.0922
511719.5884
509654.4541
508323.3552
508042.0232
509212.0058
509035.237
507611.8324
506857.3232
506894.0947
505865.253
504840.9732
502522.007
501996.8901
503220.695
502608.0861
499373.7644
499526.6359
500120.0836
499974.8768
498353.5742
499848.4969
498963.9704
497306.3882
497747.5611
498425.1266
498200.9617
498701.9407
496839.0171
495799.8559
493642.0837
492225.2602
490665.6671
490360.5331
490094.1956
490262.1351
490245.7248
488550.3657
486203.1725
484780.4109
483757.3853
481263.722
479545.898
479167.0687
479615.4812
477649.0908
476974.0525
478340.387
477233.4783
478392.0339
478274.8651
478183.5652
476573.6948
475098.6311
473842.3704
473149.1649
470675.6796
469439.0402
469573.7726
468224.742
467464.9414
467934.2738
468768.9068
468335.7805
465734.5748
464463.8694
463213.5741
461988.974
459520.7484
458344.0478
455976.1572
455780.2457
456773.5784
457540.833
456150.3212
452911.5017
452660.2462
451317.6916
449240.6504
449639.9338
448276.269
446894.109
446628.0737
445823.1943
443495.8778
442305.2575
441974.7694
439036.0329
439598.2489
439020.7621
436735.6842
436899.3983
436165.3106
435926.0077
435315.5473
433929.1541
431676.9789
429447.0488
427885.0761
428176.3303
428794.3681
427015.6471
426028.1523
425144.4928
423989.0676
422436.3108
419632.7402
418108.8417
416920.182
416436.147
416091.9628
415484.803
412944.5549
411427.8815
411919.0474
411809.7434
412192.7675
411695.8849
409218.6918
406665.7891
405630.2439
403929.6932
403292.1527
402765.7165
400729.8015
398498.5063
396870.2353
395675.3837
395334.2527
394167.6497
392973.4501
392403.5332
389315.9224
387609.2386
385686.439
385156.3546
384770.6671
384711.6762
382642.7265
382399.0329
381905.6304
379412.7672
377567.4991
376177.2414
374541.7865
372923.2312
372520.5858
371196.0096
368482.3555
368777.5739
369487.9433
368123.5239
367787.9983
366986.7056
364118.9958
363309.1458
361157.9781
358698.9585
358341.2086
357422.6802
357083.8463
354903.8745
352397.7561
351940.2896
351205.9028
349659.2142
347186.1892
347452.0713
346656.1291
345151.1265
343735.2388
341778.9196
338945.3596
338161.561
336566.0425
336342.8619
334825.0791
335112.0401
333678.0322
332201.185
332665.8887
330985.0761
329726.0719
328688.276
327532.4754
325158.4804
322870.4686
320928.8248
319765.401
318172.9349
317427.9482
315988.1023
312899.0243
311738.9821
311297.1606
310256.0583
309060.0729
308761.0468
308900.0599
307832.6131
306088.2587
305703.6102
304557.1883
302666.0187
301075.5465
299319.5179
297782.1696
296642.8826
295013.1733
294007.3792
293193.993
292620.4815
290739.8182
288752.6546
287690.4429
286875.7452
285290.4459
283664.4081
282404.2589
282141.2107
279632.2375
278398.5641
276923.8943
274464.806
274117.2289
272723.8069
270329.0436
270836.3373
270681.4451
269765.7922
269862.7924
269931.3056
269059.6069
268190.3111
267558.63
264768.7728
262551.2377
261299.8225
261107.9533
259391.0286
257357.6249
256147.4329
255547.699
254594.5777
253313.3949
252241.6737
250819.8491
248488.8889
246347.358
244952.3657
243910.8753
242593.9173
240834.4257
239406.7497
237839.551
236049.6892
235551.1043
235247.976
233669.1754
233067.5718
231905.9977
231380.108
230291.2018
228601.3185
226988.1675
224881.7742
222629.1077
221428.0774
219599.3755
217349.5765
217495.0033
216988.8157
215469.141
215029.471
214203.4358
213289.9235
213038.3277
211418.2868
209664.5834
209027.0219
207508.7653
205427.3254
203769.5181
203413.7357
202100.7498
200957.0386
200593.8084
199758.281
198407.6897
196709.8209
195030.2362
193230.2571
191788.5654
190731.216
189538.3066
188263.1699
187583.9319
185796.7466
183997.2757
182677.4815
181553.7609
180511.9261
178883.9414
177467.491
177230.6175
176491.9759
174822.5461
172797.0649
170348.6742
168310.0382
167148.8436
165847.8583
164899.9088
164196.5244
163379.418
162934.8824
162177.8698
161775.8881
161253.9096
158877.4738
157358.9565
156403.889
154581.0692
152075.225
149694.8798
147836.5573
147246.6701
147019.2653
145301.4015
140651.3645
131681.0178
120875.0547
108191.4683
87393.07711
57241.74736
27307.91485
11855.66694
