214.9942627
215.2142627
215.4342627
215.6542627
215.8742627
216.0942627
216.3142627
216.5342627
216.7542627
216.9742627
217.1942627
217.4142627
217.6342627
217.8542627
218.0742627
218.2942627
218.5142627
218.7342627
218.9542627
219.1742627
219.3942627
219.6142627
219.8342627
220.0542627
220.2742627
220.4942627
220.7142627
220.9342627
221.1542627
221.3742627
221.5942627
221.8142627
222.0342627
222.2542627
222.4742627
222.6942627
222.9142627
223.1342627
223.3542627
223.5742627
223.7942627
224.0142627
224.2342627
224.4542627
224.6742627
224.8942627
225.1142627
225.3342627
225.5542627
225.7742627
225.9942627
226.2142627
226.4342627
226.6542627
226.8742627
227.0942627
227.3142627
227.5342627
227.7542627
227.9742627
228.1942627
228.4142627
228.6342627
228.8542627
229.0742627
229.2942627
229.5142627
229.7342627
229.9542627
230.1742627
230.3942627
230.6142627
230.8342627
231.0542627
231.2742627
231.4942627
231.7142627
231.9342627
232.1542627
232.3742627
232.5942627
232.8142627
233.0342627
233.2542627
233.4742627
233.6942627
233.9142627
234.1342627
234.3542627
234.5742627
234.7942627
235.0142627
235.2342627
235.4542627
235.6742627
235.8942627
236.1142627
236.3342627
236.5542627
236.7742627
236.9942627
237.2142627
237.4342627
237.6542627
237.8742627
238.0942627
238.3142627
238.5342627
238.7542627
238.9742627
239.1942627
239.4142627
239.6342627
239.8542627
240.0742627
240.2942627
240.5142627
240.7342627
240.9542627
241.1742627
241.3942627
241.6142627
241.8342627
242.0542627
242.2742627
242.4942627
242.7142627
242.9342627
243.1542627
243.3742627
243.5942627
243.8142627
244.0342627
244.2542627
244.4742627
244.6942627
244.9142627
245.1342627
245.3542627
245.5742627
245.7942627
246.0142627
246.2342627
246.4542627
246.6742627
246.8942627
247.1142627
247.3342627
247.5542627
247.7742627
247.9942627
248.2142627
248.4342627
248.6542627
248.8742627
249.0942627
249.3142627
249.5342627
249.7542627
249.9742627
250.1942627
250.4142627
250.6342627
250.8542627
251.0742627
251.2942627
251.5142627
251.7342627
251.9542627
252.1742627
252.3942627
252.6142627
252.8342627
253.0542627
253.2742627
253.4942627
253.7142627
253.9342627
254.1542627
254.3742627
254.5942627
254.8142627
255.0342627
255.2542627
255.4742627
255.6942627
255.9142627
256.1342627
256.3542627
256.5742627
256.7942627
257.0142627
257.2342627
257.4542627
257.6742627
257.8942627
258.1142627
258.3342627
258.5542627
258.7742627
258.9942627
259.2142627
259.4342627
259.6542627
259.8742627
260.0942627
260.3142627
260.5342627
260.7542627
260.9742627
261.1942627
261.4142627
261.6342627
261.8542627
262.0742627
262.2942627
262.5142627
262.7342627
262.9542627
263.1742627
263.3942627
263.6142627
263.8342627
264.0542627
264.2742627
264.4942627
264.7142627
264.9342627
265.1542627
265.3742627
265.5942627
265.8142627
266.0342627
266.2542627
266.4742627
266.6942627
266.9142627
267.1342627
267.3542627
267.5742627
267.7942627
268.0142627
268.2342627
268.4542627
268.6742627
268.8942627
269.1142627
269.3342627
269.5542627
269.7742627
269.9942627
270.2142627
270.4342627
270.6542627
270.8742627
271.0942627
271.3142627
271.5342627
271.7542627
271.9742627
272.1942627
272.4142627
272.6342627
272.8542627
273.0742627
273.2942627
273.5142627
273.7342627
273.9542627
274.1742627
274.3942627
274.6142627
274.8342627
275.0542627
275.2742627
275.4942627
275.7142627
275.9342627
276.1542627
276.3742627
276.5942627
276.8142627
277.0342627
277.2542627
277.4742627
277.6942627
277.9142627
278.1342627
278.3542627
278.5742627
278.7942627
279.0142627
279.2342627
279.4542627
279.6742627
279.8942627
280.1142627
280.3342627
280.5542627
280.7742627
280.9942627
281.2142627
281.4342627
281.6542627
281.8742627
282.0942627
282.3142627
282.5342627
282.7542627
282.9742627
283.1942627
283.4142627
283.6342627
283.8542627
284.0742627
284.2942627
284.5142627
284.7342627
284.9542627
285.1742627
285.3942627
285.6142627
285.8342627
286.0542627
286.2742627
286.4942627
286.7142627
286.9342627
287.1542627
287.3742627
287.5942627
287.8142627
288.0342627
288.2542627
288.4742627
288.6942627
288.9142627
289.1342627
289.3542627
289.5742627
289.7942627
290.0142627
290.2342627
290.4542627
290.6742627
290.8942627
291.1142627
291.3342627
291.5542627
291.7742627
291.9942627
292.2142627
292.4342627
292.6542627
292.8742627
293.0942627
293.3142627
293.5342627
293.7542627
293.9742627
294.1942627
294.4142627
294.6342627
294.8542627
295.0742627
295.2942627
295.5142627
295.7342627
295.9542627
296.1742627
296.3942627
296.6142627
296.8342627
297.0542627
297.2742627
297.4942627
297.7142627
297.9342627
298.1542627
298.3742627
298.5942627
298.8142627
299.0342627
299.2542627
299.4742627
299.6942627
299.9142627
300.1342627
300.3542627
300.5742627
300.7942627
301.0142627
301.2342627
301.4542627
301.6742627
301.8942627
302.1142627
302.3342627
302.5542627
302.7742627
302.9942627
303.2142627
303.4342627
303.6542627
303.8742627
304.0942627
304.3142627
304.5342627
304.7542627
304.9742627
305.1942627
305.4142627
305.6342627
305.8542627
306.0742627
306.2942627
306.5142627
306.7342627
306.9542627
307.1742627
307.3942627
307.6142627
307.8342627
308.0542627
308.2742627
308.4942627
308.7142627
308.9342627
309.1542627
309.3742627
309.5942627
309.8142627
310.0342627
310.2542627
310.4742627
310.6942627
310.9142627
311.1342627
311.3542627
311.5742627
311.7942627
312.0142627
312.2342627
312.4542627
312.6742627
312.8942627
313.1142627
313.3342627
313.5542627
313.7742627
313.9942627
314.2142627
314.4342627
314.6542627
314.8742627
315.0942627
315.3142627
315.5342627
315.7542627
315.9742627
316.1942627
316.4142627
316.6342627
316.8542627
317.0742627
317.2942627
317.5142627
317.7342627
317.9542627
318.1742627
318.3942627
318.6142627
318.8342627
319.0542627
319.2742627
319.4942627
319.7142627
319.9342627
320.1542627
320.3742627
320.5942627
320.8142627
321.0342627
321.2542627
321.4742627
321.6942627
321.9142627
322.1342627
322.3542627
322.5742627
322.7942627
323.0142627
323.2342627
323.4542627
323.6742627
323.8942627
324.1142627
324.3342627
324.5542627
324.7742627
324.9942627
325.2142627
325.4342627
325.6542627
325.8742627
326.0942627
326.3142627
326.5342627
326.7542627
326.9742627
327.1942627
327.4142627
327.6342627
327.8542627
328.0742627
328.2942627
328.5142627
328.7342627
328.9542627
329.1742627
329.3942627
329.6142627
329.8342627
330.0542627
330.2742627
330.4942627
330.7142627
330.9342627
331.1542627
331.3742627
331.5942627
331.8142627
332.0342627
332.2542627
332.4742627
332.6942627
332.9142627
333.1342627
333.3542627
333.5742627
333.7942627
334.0142627
334.2342627
334.4542627
334.6742627
334.8942627
335.1142627
335.3342627
335.5542627
335.7742627
335.9942627
336.2142627
336.4342627
336.6542627
336.8742627
337.0942627
337.3142627
337.5342627
337.7542627
337.9742627
338.1942627
338.4142627
338.6342627
338.8542627
339.0742627
339.2942627
339.5142627
339.7342627
339.9542627
340.1742627
340.3942627
340.6142627
340.8342627
341.0542627
341.2742627
341.4942627
341.7142627
341.9342627
342.1542627
342.3742627
342.5942627
342.8142627
343.0342627
343.2542627
343.4742627
343.6942627
343.9142627
344.1342627
344.3542627
344.5742627
344.7942627
345.0142627
345.2342627
345.4542627
345.6742627
345.8942627
346.1142627
346.3342627
346.5542627
346.7742627
346.9942627
347.2142627
347.4342627
347.6542627
347.8742627
348.0942627
348.3142627
348.5342627
348.7542627
348.9742627
349.1942627
349.4142627
349.6342627
349.8542627
350.0742627
350.2942627
350.5142627
350.7342627
350.9542627
351.1742627
351.3942627
351.6142627
351.8342627
352.0542627
352.2742627
352.4942627
352.7142627
352.9342627
353.1542627
353.3742627
353.5942627
353.8142627
354.0342627
354.2542627
354.4742627
354.6942627
354.9142627
355.1342627
355.3542627
355.5742627
355.7942627
356.0142627
356.2342627
356.4542627
356.6742627
356.8942627
357.1142627
357.3342627
357.5542627
357.7742627
357.9942627
358.2142627
358.4342627
358.6542627
358.8742627
359.0942627
359.3142627
359.5342627
359.7542627
359.9742627
360.1942627
360.4142627
360.6342627
360.8542627
361.0742627
361.2942627
361.5142627
361.7342627
361.9542627
362.1742627
362.3942627
362.6142627
362.8342627
363.0542627
363.2742627
363.4942627
363.7142627
363.9342627
364.1542627
364.3742627
364.5942627
364.8142627
365.0342627
365.2542627
365.4742627
365.6942627
365.9142627
366.1342627
366.3542627
366.5742627
366.7942627
367.0142627
367.2342627
367.4542627
367.6742627
367.8942627
368.1142627
368.3342627
368.5542627
368.7742627
368.9942627
369.2142627
369.4342627
369.6542627
369.8742627
370.0942627
370.3142627
370.5342627
370.7542627
370.9742627
371.1942627
371.4142627
371.6342627
371.8542627
372.0742627
372.2942627
372.5142627
372.7342627
372.9542627
373.1742627
373.3942627
373.6142627
373.8342627
374.0542627
374.2742627
374.4942627
374.7142627
374.9342627
375.1542627
375.3742627
375.5942627
375.8142627
376.0342627
376.2542627
376.4742627
376.6942627
376.9142627
377.1342627
377.3542627
377.5742627
377.7942627
378.0142627
378.2342627
378.4542627
378.6742627
378.8942627
379.1142627
379.3342627
379.5542627
379.7742627
379.9942627
380.2142627
380.4342627
380.6542627
380.8742627
381.0942627
381.3142627
381.5342627
381.7542627
381.9742627
382.1942627
382.4142627
382.6342627
382.8542627
383.0742627
383.2942627
383.5142627
383.7342627
383.9542627
384.1742627
384.3942627
384.6142627
384.8342627
385.0542627
385.2742627
385.4942627
385.7142627
385.9342627
386.1542627
386.3742627
386.5942627
386.8142627
387.0342627
387.2542627
387.4742627
387.6942627
387.9142627
388.1342627
388.3542627
388.5742627
388.7942627
389.0142627
389.2342627
389.4542627
389.6742627
