215.6625879
215.8825879
216.1025879
216.3225879
216.5425879
216.7625879
216.9825879
217.2025879
217.4225879
217.6425879
217.8625879
218.0825879
218.3025879
218.5225879
218.7425879
218.9625879
219.1825879
219.4025879
219.6225879
219.8425879
220.0625879
220.2825879
220.5025879
220.7225879
220.9425879
221.1625879
221.3825879
221.6025879
221.8225879
222.0425879
222.2625879
222.4825879
222.7025879
222.9225879
223.1425879
223.3625879
223.5825879
223.8025879
224.0225879
224.2425879
224.4625879
224.6825879
224.9025879
225.1225879
225.3425879
225.5625879
225.7825879
226.0025879
226.2225879
226.4425879
226.6625879
226.8825879
227.1025879
227.3225879
227.5425879
227.7625879
227.9825879
228.2025879
228.4225879
228.6425879
228.8625879
229.0825879
229.3025879
229.5225879
229.7425879
229.9625879
230.1825879
230.4025879
230.6225879
230.8425879
231.0625879
231.2825879
231.5025879
231.7225879
231.9425879
232.1625879
232.3825879
232.6025879
232.8225879
233.0425879
233.2625879
233.4825879
233.7025879
233.9225879
234.1425879
234.3625879
234.5825879
234.8025879
235.0225879
235.2425879
235.4625879
235.6825879
235.9025879
236.1225879
236.3425879
236.5625879
236.7825879
237.0025879
237.2225879
237.4425879
237.6625879
237.8825879
238.1025879
238.3225879
238.5425879
238.7625879
238.9825879
239.2025879
239.4225879
239.6425879
239.8625879
240.0825879
240.3025879
240.5225879
240.7425879
240.9625879
241.1825879
241.4025879
241.6225879
241.8425879
242.0625879
242.2825879
242.5025879
242.7225879
242.9425879
243.1625879
243.3825879
243.6025879
243.8225879
244.0425879
244.2625879
244.4825879
244.7025879
244.9225879
245.1425879
245.3625879
245.5825879
245.8025879
246.0225879
246.2425879
246.4625879
246.6825879
246.9025879
247.1225879
247.3425879
247.5625879
247.7825879
248.0025879
248.2225879
248.4425879
248.6625879
248.8825879
249.1025879
249.3225879
249.5425879
249.7625879
249.9825879
250.2025879
250.4225879
250.6425879
250.8625879
251.0825879
251.3025879
251.5225879
251.7425879
251.9625879
252.1825879
252.4025879
252.6225879
252.8425879
253.0625879
253.2825879
253.5025879
253.7225879
253.9425879
254.1625879
254.3825879
254.6025879
254.8225879
255.0425879
255.2625879
255.4825879
255.7025879
255.9225879
256.1425879
256.3625879
256.5825879
256.8025879
257.0225879
257.2425879
257.4625879
257.6825879
257.9025879
258.1225879
258.3425879
258.5625879
258.7825879
259.0025879
259.2225879
259.4425879
259.6625879
259.8825879
260.1025879
260.3225879
260.5425879
260.7625879
260.9825879
261.2025879
261.4225879
261.6425879
261.8625879
262.0825879
262.3025879
262.5225879
262.7425879
262.9625879
263.1825879
263.4025879
263.6225879
263.8425879
264.0625879
264.2825879
264.5025879
264.7225879
264.9425879
265.1625879
265.3825879
265.6025879
265.8225879
266.0425879
266.2625879
266.4825879
266.7025879
266.9225879
267.1425879
267.3625879
267.5825879
267.8025879
268.0225879
268.2425879
268.4625879
268.6825879
268.9025879
269.1225879
269.3425879
269.5625879
269.7825879
270.0025879
270.2225879
270.4425879
270.6625879
270.8825879
271.1025879
271.3225879
271.5425879
271.7625879
271.9825879
272.2025879
272.4225879
272.6425879
272.8625879
273.0825879
273.3025879
273.5225879
273.7425879
273.9625879
274.1825879
274.4025879
274.6225879
274.8425879
275.0625879
275.2825879
275.5025879
275.7225879
275.9425879
276.1625879
276.3825879
276.6025879
276.8225879
277.0425879
277.2625879
277.4825879
277.7025879
277.9225879
278.1425879
278.3625879
278.5825879
278.8025879
279.0225879
279.2425879
279.4625879
279.6825879
279.9025879
280.1225879
280.3425879
280.5625879
280.7825879
281.0025879
281.2225879
281.4425879
281.6625879
281.8825879
282.1025879
282.3225879
282.5425879
282.7625879
282.9825879
283.2025879
283.4225879
283.6425879
283.8625879
284.0825879
284.3025879
284.5225879
284.7425879
284.9625879
285.1825879
285.4025879
285.6225879
285.8425879
286.0625879
286.2825879
286.5025879
286.7225879
286.9425879
287.1625879
287.3825879
287.6025879
287.8225879
288.0425879
288.2625879
288.4825879
288.7025879
288.9225879
289.1425879
289.3625879
289.5825879
289.8025879
290.0225879
290.2425879
290.4625879
290.6825879
290.9025879
291.1225879
291.3425879
291.5625879
291.7825879
292.0025879
292.2225879
292.4425879
292.6625879
292.8825879
293.1025879
293.3225879
293.5425879
293.7625879
293.9825879
294.2025879
294.4225879
294.6425879
294.8625879
295.0825879
295.3025879
295.5225879
295.7425879
295.9625879
296.1825879
296.4025879
296.6225879
296.8425879
297.0625879
297.2825879
297.5025879
297.7225879
297.9425879
298.1625879
298.3825879
298.6025879
298.8225879
299.0425879
299.2625879
299.4825879
299.7025879
299.9225879
300.1425879
300.3625879
300.5825879
300.8025879
301.0225879
301.2425879
301.4625879
301.6825879
301.9025879
302.1225879
302.3425879
302.5625879
302.7825879
303.0025879
303.2225879
303.4425879
303.6625879
303.8825879
304.1025879
304.3225879
304.5425879
304.7625879
304.9825879
305.2025879
305.4225879
305.6425879
305.8625879
306.0825879
306.3025879
306.5225879
306.7425879
306.9625879
307.1825879
307.4025879
307.6225879
307.8425879
308.0625879
308.2825879
308.5025879
308.7225879
308.9425879
309.1625879
309.3825879
309.6025879
309.8225879
310.0425879
310.2625879
310.4825879
310.7025879
310.9225879
311.1425879
311.3625879
311.5825879
311.8025879
312.0225879
312.2425879
312.4625879
312.6825879
312.9025879
313.1225879
313.3425879
313.5625879
313.7825879
314.0025879
314.2225879
314.4425879
314.6625879
314.8825879
315.1025879
315.3225879
315.5425879
315.7625879
315.9825879
316.2025879
316.4225879
316.6425879
316.8625879
317.0825879
317.3025879
317.5225879
317.7425879
317.9625879
318.1825879
318.4025879
318.6225879
318.8425879
319.0625879
319.2825879
319.5025879
319.7225879
319.9425879
320.1625879
320.3825879
320.6025879
320.8225879
321.0425879
321.2625879
321.4825879
321.7025879
321.9225879
322.1425879
322.3625879
322.5825879
322.8025879
323.0225879
323.2425879
323.4625879
323.6825879
323.9025879
324.1225879
324.3425879
324.5625879
324.7825879
325.0025879
325.2225879
325.4425879
325.6625879
325.8825879
326.1025879
326.3225879
326.5425879
326.7625879
326.9825879
327.2025879
327.4225879
327.6425879
327.8625879
328.0825879
328.3025879
328.5225879
328.7425879
328.9625879
329.1825879
329.4025879
329.6225879
329.8425879
330.0625879
330.2825879
330.5025879
330.7225879
330.9425879
331.1625879
331.3825879
331.6025879
331.8225879
332.0425879
332.2625879
332.4825879
332.7025879
332.9225879
333.1425879
333.3625879
333.5825879
333.8025879
334.0225879
334.2425879
334.4625879
334.6825879
334.9025879
335.1225879
335.3425879
335.5625879
335.7825879
336.0025879
336.2225879
336.4425879
336.6625879
336.8825879
337.1025879
337.3225879
337.5425879
337.7625879
337.9825879
338.2025879
338.4225879
338.6425879
338.8625879
339.0825879
339.3025879
339.5225879
339.7425879
339.9625879
340.1825879
340.4025879
340.6225879
340.8425879
341.0625879
341.2825879
341.5025879
341.7225879
341.9425879
342.1625879
342.3825879
342.6025879
342.8225879
343.0425879
343.2625879
343.4825879
343.7025879
343.9225879
344.1425879
344.3625879
344.5825879
344.8025879
345.0225879
345.2425879
345.4625879
345.6825879
345.9025879
346.1225879
346.3425879
346.5625879
346.7825879
347.0025879
347.2225879
347.4425879
347.6625879
347.8825879
348.1025879
348.3225879
348.5425879
348.7625879
348.9825879
349.2025879
349.4225879
349.6425879
349.8625879
350.0825879
350.3025879
350.5225879
350.7425879
350.9625879
351.1825879
351.4025879
351.6225879
351.8425879
352.0625879
352.2825879
352.5025879
352.7225879
352.9425879
353.1625879
353.3825879
353.6025879
353.8225879
354.0425879
354.2625879
354.4825879
354.7025879
354.9225879
355.1425879
355.3625879
355.5825879
355.8025879
356.0225879
356.2425879
356.4625879
356.6825879
356.9025879
357.1225879
357.3425879
357.5625879
357.7825879
358.0025879
358.2225879
358.4425879
358.6625879
358.8825879
359.1025879
359.3225879
359.5425879
359.7625879
359.9825879
360.2025879
360.4225879
360.6425879
360.8625879
361.0825879
361.3025879
361.5225879
361.7425879
361.9625879
362.1825879
362.4025879
362.6225879
362.8425879
363.0625879
363.2825879
363.5025879
363.7225879
363.9425879
364.1625879
364.3825879
364.6025879
364.8225879
365.0425879
365.2625879
365.4825879
365.7025879
365.9225879
366.1425879
366.3625879
366.5825879
366.8025879
367.0225879
367.2425879
367.4625879
367.6825879
367.9025879
368.1225879
368.3425879
368.5625879
368.7825879
369.0025879
369.2225879
369.4425879
369.6625879
369.8825879
370.1025879
370.3225879
370.5425879
370.7625879
370.9825879
371.2025879
371.4225879
371.6425879
371.8625879
372.0825879
372.3025879
372.5225879
372.7425879
372.9625879
373.1825879
373.4025879
373.6225879
373.8425879
374.0625879
374.2825879
374.5025879
374.7225879
374.9425879
375.1625879
375.3825879
375.6025879
375.8225879
376.0425879
376.2625879
376.4825879
376.7025879
376.9225879
377.1425879
377.3625879
377.5825879
377.8025879
378.0225879
378.2425879
378.4625879
378.6825879
378.9025879
379.1225879
379.3425879
379.5625879
379.7825879
380.0025879
380.2225879
380.4425879
380.6625879
380.8825879
381.1025879
381.3225879
381.5425879
381.7625879
381.9825879
382.2025879
382.4225879
382.6425879
382.8625879
383.0825879
383.3025879
383.5225879
383.7425879
383.9625879
384.1825879
384.4025879
384.6225879
384.8425879
385.0625879
385.2825879
385.5025879
385.7225879
385.9425879
386.1625879
386.3825879
386.6025879
386.8225879
387.0425879
387.2625879
387.4825879
387.7025879
387.9225879
388.1425879
388.3625879
388.5825879
388.8025879
389.0225879
389.2425879
389.4625879
389.6825879
389.9025879
390.1225879
390.3425879
390.5625879
390.7825879
391.0025879
